45.1
45.1
44.5
43.75
44
41.7
41.6
40.9
41.15
39.92
40.05
41.8
42.55
41.4
40.3
43.3
43.8
44.5
43
43.7
41.25
42.6
43.9
43.98
43.4
43.9
43.7
42.7
42.8
42.85
43.79
42.7
42.85
41.9
42.01
40.77
40.63
41.7
40.65
41.31
41.61
42.02
45.1
45.9
45.62
45.25
44.95
44
44
44.61
45.85
46.92
46.8
46.78
46.95
47.5
45.5
44.3
43.91
45.1
44.4
44.77
44.55
44.32
43.65
43.45
42.75
42.55
42.55
42.55
43.88
44.6
44.16
45.83
45.83
44.4
44.08
44.75
44.3
43.93
44.6
43.5
43.55
43.33
42.75
43.4
42.85
42.68
42.55
42.5
43.04
43.19
42.19
41.6
42.17
42.28
41.4
41.8
42.05
42.3
41.54
41.99
41.44
42.4
42.43
42.25
41.93
40.8
39.47
39.89
39.8
39.15
38.7
38.55
38.76
38.89
39.89
39.41
40.88
41.37
42.02
42
41.34
41.82
42.04
41.82
43.41
43.4
42.5
43.15
42.85
42.97
43.7
43.2
43.85
44.9
44.85
43.88
45.25
45.12
45.1
45.15
45.3
44.97
45.5
44.76
44.4
44.67
45.8
45.97
46.75
46.77
46.04
46.62
46.9
47.19
47.39
47.3
48.68
48.3
47.83
47.8
47.5
46.65
46.64
46.92
46.89
45.9
44.5
44.35
44.32
44.55
44.5
44.02
43.25
43.56
42.06
41.3
43.6
43.1
42.39
42.29
42.36
42.15
43.26
44.13
45.2
45.91
45.05
45.14
45.1
43.75
44.8
44.84
45.35
45.92
48.18
47.01
46.8
47
47.5
48.3
49.08
49.48
51.15
51.49
50.54
51.5
51.91
51.95
51.64
50.95
49.93
49.7
51.3
51.25
49.63
49.27
48.21
49.3
48.7
48.65
49.12
49.89
51.05
51.22
50.25
50.97
50.96
52.46
53.95
53.6
55.6
55.04
52.86
52.21
52.3
52.49
54
54.95
54.9
53.6
53.7
53.7
53.7
54.75
55.89
55.72
55.72
56.9
55.8
53.5
53.6
53.68
51.96
50.81
51.32
51.78
52.59
51.7
52
51.3
50.73
51.01
51.5
51.65
51.71
52.31
52.45
53
53.29
53.08
53.1
53.5
53.13
52.94
52.63
52.49
52.69
52.6
52.4
53.12
53.6
54.23
53.52
53.63
53.2
51.53
52.7
52.7
53.1
53
52.85
52.75
52.2
52.7
53.05
52.75
52.29
51.2
48.98
50.2
49.85
48.54
48.97
47.39
45.8
46.35
47.5
50
49.07
49.04
48.14
47.14
46.7
46.17
46.25
45.71
47.66
48.05
48.6
48.91
48.91
48.91
48.95
49.28
49.95
49.75
49.75
49.09
48.39
49.39
47.9
47.5
47.5
45.8
45.26
46.45
46.3
47.05
47.49
47.39
47.19
46.8
46.2
47.65
47.52
47.4
47.97
48
47.26
47.13
46.97
46.96
46.01
46.27
45.97
47.2
47.23
46.21
46.26
47.05
47.35
47.54
46.75
46.9
46.8
46.12
46.05
45.82
45.65
43.95
43.47
43.38
43.34
43.69
45.12
46.35
46.74
46.11
45.87
45.3
44.35
44.18
43.8
43.2
43.61
43.99
43.91
44.55
44.25
45.46
45.11
45.3
45.03
44.48
45.35
46.02
46.68
47.25
46.8
45.66
45.19
45.35
45.35
37.35
36.98
36.07
36.11
36.25
34.93
32.9
33.33
34.4
35.3
34.9
34.3
34.45
35.09
35.83
35.81
35.55
35.35
36.16
36.9
36.05
35.35
35.02
34.6
33.2
32.95
31.96
30.1
31.05
30.45
29.6
27.26
26.13
28.85
28.75
28.75
30.43
31.44
30.48
30.88
31.7
31.99
31.95
32.29
32.29
32.29
34.36
36.95
35.23
34.92
34.85
35.4
34.6
34.45
35.28
35.6
33.57
34
33.28
32.58
33
33.8
33.72
34.61
34.06
35.28
35.57
34.86
34.1
34.9
34.13
34.15
36.57
38.49
37.9
37.83
37.69
37.85
37
36.45
35.6
35.88
36.43
36.45
35.62
36.55
37.3
36.91
36.85
36.88
35.85
35.18
34.75
35.71
35.28
34.57
34.65
34.42
34.42
34.42
34.42
35.65
35.8
35.8
35.8
36.19
37.23
38
37.89
38.6
38.35
38.23
37.18
36.08
35.99
35.3
35.95
35.55
36
35.5
36.91
37.61
37.62
37.27
36.55
36.9
37.18
37.38
36.98
36.5
35.28
34.8
34.45
34.98
34.47
34.53
34.5
33.99
33.94
33.3
33.45
34.2
34.05
34.8
35
35.45
36.85
37.35
38.01
37.8
37.7
37.4
38.45
38.38
39.05
39.36
40.05
40.8
40.07
40.48
39.94
39.55
39.13
39.45
39.2
39.05
38.85
38.85
38.85
39.9
39.95
38.92
39.19
38.46
38.49
39.25
38.55
39.45
39.9
40.01
39.92
40.03
40.02
40.1
39
39.2
37.6
37.08
35.7
36.37
36.37
36.48
35.87
35.55
36.33
36.81
36.47
35.8
36.37
36.49
36.31
36.2
36.01
35.2
35.7
35.4
35.64
35.1
35.55
35.25
35.47
34.2
34.8
34.5
33.42
33.34
33.63
34.2
33.45
33.65
32.85
32.8
31.67
33.25
32.73
31.9
31.4
32.01
31.38
31.3
30.9
31.81
32.45
32.55
31.85
30.8
31.25
33.27
32.95
32.47
31.26
31
30.4
29.35
29.45
30.2
29.85
28.1
26.65
25.33
24.88
23.69
24.7
27.27
27.4
25.2
23.75
23.69
21.85
22.88
21.29
23.55
25.47
24.35
24.32
23.3
24.01
23.91
25.02
23.81
24.3
24.89
24.69
24.53
25
23.9
23.55
24.23
23.35
21.51
21.62
21.35
22.09
21.3
21.75
22.01
21.45
20.88
21.41
22.06
20.6
19.48
19.79
18.7
18.35
18.98
19.82
19.53
17.45
18.97
19.2
19.16
18.69
18.25
17.7
17.59
18.53
19.58
18.98
20.77
20.61
21.41
21.58
20.77
19.59
18.21
18.75
18.42
18.71
18.44
19.33
19.43
18.84
19.77
19.88
20.42
19.45
19.43
19.6
20.94
20.55
21.92
22.34
23.25
23.21
22.76
23.19
23.4
23.11
22.22
23.66
23.25
22.98
23.55
23
23.27
22.32
22.53
21.89
22.6
22.86
22.43
21.49
22.55
22.1
21.51
20.66
21.66
21.08
21.08
21.08
21.08
19.55
20.45
20.45
20.45
21.55
21.6
22.42
22.05
21.28
21.19
21.05
20.76
20.96
20.64
20.7
19.64
19.34
18.73
17.83
18.21
17.22
16.48
16.54
16.4
16.28
16.39
16.2
15.58
15.87
15.27
15.08
15.2
15.85
15.31
15.02
15.64
16.59
16.66
15.77
15.47
15.83
14.29
12.31
11.65
12.52
12.25
12.39
12.33
12.02
12.13
11.97
11.68
11.56
10.55
10.83
10.33
10.28
14.3
13.44
13.47
14.03
13
13.25
13.14
13.08
13.01
12.49
12.47
13.43
13.39
14.12
14.82
14.73
14.82
14.84
15.42
16.02
16.2
15.9
16.18
16.18
16.18
16.72
16.95
16.5
16.75
16.39
15.89
16.35
16.35
16.39
16.31
16.51
17.4
17.08
17.02
17.01
16.59
17.38
18.34
18.23
17.12
17.15
16.88
17.12
16.8
16.61
16.55
17.05
16.87
17.37
18.19
18.03
18.53
18.24
18.84
18.43
18.95
19.42
19.74
19.01
19.95
20.29
20.6
20.25
19.81
20.3
19.83
20.18
20.35
20.35
20.18
19.37
19.72
19.65
19.58
20.85
20.7
20.21
19.9
20.19
20.7
20.48
20.15
19.92
20.18
19.89
19.55
19.27
19.75
19.38
20.02
19.98
20.39
21.2
20.98
21.04
21.28
19.9
19.01
19.05
19.16
19.27
18.96
19.19
19.29
19.84
19.44
19.9
20.03
19.97
19.72
19.59
19.77
19.76
19.47
19.93
19.63
20.35
20.35
20
20.36
20.24
19.85
19.84
19.65
19.82
20.02
19.76
20.86
20.61
19.98
19.76
18.77
18.83
19.14
18.94
18.55
18.73
17.97
18.67
18.65
18.29
18.48
18.81
18.64
19.19
19.24
19.3
19.36
19.2
19.37
19.66
18.89
19.17
19.13
19.56
20
20.19
20.35
20.67
20.72
20.8
20.8
21.06
22.51
22.3
22.69
22.28
22.35
22.52
21.85
21.68
21.54
21.83
21.8
22.57
22.46
22.39
22.71
22.54
23.14
22.97
23.58
23.35
22.89
22.68
22.61
22.28
22.12
22.26
22.39
22.35
22.58
22.99
23
22.8
23
23
23
23
23.2
23.22
23.22
23.22
23.74
23.95
24.06
23.8
24.45
24.3
24.41
24.39
24.52
24.72
24.84
25.32
25.39
25.06
24.57
24.49
24.12
24.26
24.78
24.33
24.38
24.32
24.13
23.69
23.5
23.26
23.61
23.82
23.99
23.92
23.45
23.44
23.64
23.38
23.5
22.83
23.01
22.55
22.57
22.65
22.8
23.27
23.45
23.48
23.63
23.48
23.63
23.43
23.18
21.8
21.7
20.94
20.95
21.47
20.24
19.99
19.49
19.72
19.53
19.91
20.16
20.41
20.2
19.81
20.08
20.65
20.94
21.14
21.3
21.07
21.07
21.07
21.65
21.53
21.54
21.7
21.75
21.74
21.53
21.52
21.96
22.31
22.63
22.23
22.71
22.73
22.2
21.85
22.43
21.86
21.81
21.05
21.07
21.1
21.62
21.75
21.33
22.06
22.95
22.54
22.28
22.7
22.37
22.95
23.61
23.35
23.4
23.19
23.67
23.75
23.74
23.69
23.54
23
23.12
23.25
22.55
22.97
23.03
22.89
22.87
22.92
22.59
22.6
23.42
23.42
23.6
23.64
23.7
23.68
23.42
23.27
23.04
22.86
22.98
22.91
22.65
22.6
22.6
22.29
22.25
21.9
22.09
22.33
21.71
21.55
21.28
21.36
21.28
21.81
22.18
21.99
22.1
21.97
21.84
21.26
21
21
20.7
20.37
19.86
20.16
20.16
20.43
20.68
20.77
21.08
21.08
21.01
21.3
21.52
21.52
20.97
20.96
20.89
21
21.31
21.29
21.17
20.92
21.06
21.69
21.85
21.79
21.75
21.95
21.79
22.12
21.93
21.76
21.87
21.72
21.91
22.22
22.02
22.73
22.88
23.13
23.16
23.01
22.75
22.63
22.4
22.55
22.18
22.03
22.1
22.39
22.11
22.27
22.44
21.83
21.74
22.01
22.3
22.21
22.54
22.85
22.94
23.03
23.22
23.15
23.13
23.26
23.93
24.05
24.01
23.87
24.3
24.42
24.06
23.95
23.75
23.67
24.22
24.11
23.95
23.84
24.4
24.54
24.39
24.53
24.48
24.5
24.22
24.37
24.77
25.11
25.3
25.44
24.95
25.2
25.15
25.29
25.25
25.25
25.01
25.02
24.89
24.94
24.94
25.1
24.74
24.11
24.12
24.05
24.13
23.9
23.51
23.59
23.81
24.4
24.53
24.46
24.41
24.95
24.87
24.95
24.95
24.71
24.94
24.39
24.74
24.58
24.47
25.1
25.43
25.39
25.61
26.05
26.35
26.46
26.32
26.03
26.42
26.75
26.79
26.4
26
26.32
26.6
26.4
26.55
26.82
26.5
26.65
26.72
26.4
25.94
25.99
26.39
26.23
25.73
25.34
25.57
25.68
25.42
25.65
25.34
25.52
25.52
25.52
25.38
25.5
25.47
25.8
25.65
25.75
26.22
26.41
26.47
26.4
26.35
26.43
26
25.69
24.97
25.2
24.94
24.79
24.86
24.88
25.15
24.85
24.88
25.36
25.36
25.57
25.49
25.65
26.01
26.29
26.22
26.28
26.54
26.26
25.94
25.89
26.57
26.92
27.13
27.14
27.3
27.15
27.22
27.27
27.34
27.29
27.91
27.94
27.85
27.86
28.11
27.95
28.36
28.58
28.62
28.34
28.06
28.18
28.04
28.22
28.47
28.46
28.45
27.74
27.41
27.71
27.79
27.59
27.86
27.68
27.6
27.42
26.78
27.13
27.7
27.97
28.19
28.14
28.18
28.6
28.8
29.02
29.34
29.53
29.61
29.35
29.25
29.58
29.45
29.44
29.77
30.15
30.14
29.92
30.01
30.44
30.09
29.92
29.67
29.36
28.84
28.62
28.55
28.94
29.07
29.3
29.03
28.71
28.3
28.44
28.24
28.61
28.7
29.07
29.51
29.7
30.55
30.55
30.84
30.81
29.91
30
29.95
30.74
30.36
30.58
29.85
29.37
29.23
30.35
29.93
30.56
30.24
30.49
30.7
31.23
30.35
30.12
30.05
30.08
30.26
29.76
29.7
29.57
29.54
29.38
28.81
28.84
28.56
29.23
28.62
28.47
27.86
28.16
28.97
28.86
28.98
29.42
29.29
29.62
29.35
30.69
30.89
31.87
32.45
32.5
32.5
32.98
33.27
33.82
33.95
33.49
33.45
33.51
33.44
33.69
33.86
34.59
35
34.7
34.57
34.05
34.35
34.06
33.88
33.73
34.17
34.17
34.49
34.24
34.45
35.4
35.4
35.66
35.66
35.92
35.79
35.78
35.29
35.62
36.28
36.37
36.12
36.06
36.05
35.7
35.54
35.62
35.34
35.58
35.03
34.73
34.58
34.42
34.18
34.2
34.09
33.61
34.7
34.22
34.37
34.72
33.99
33.68
33.8
33.86
33.5
34.27
34.26
34.56
34.9
34.93
35.07
34.93
34.66
34.32
34.65
34.4
34.43
34.68
33.79
34.08
34.35
33.8
32.41
32.45
31.7
32.51
32.68
33.18
33.58
33.46
32.99
33
33.14
32.97
33.75
34.75
35.42
34.78
34.08
32.76
33.09
33.06
33.4
33.28
33.52
33.69
33.43
33.93
33.41
33.27
33.57
33.57
33.57
33.31
33.69
34.32
35
35.28
35.11
35.51
36.75
36.61
36.61
35.96
35.36
35.76
35.83
35.82
36.52
36.61
36.61
36.48
35.51
35.25
34.14
34.16
33.72
33.15
34.51
33.97
35.02
36.13
35.82
35.2
35.04
34.85
34.53
34.25
34.03
34.59
33.59
33.1
32.28
30.56
32.66
33.31
33.19
32.88
32.73
33.1
33.5
33.15
33.02
32.76
33.32
34.38
35.94
36.33
36.48
35.68
35.32
36.31
36.66
36.85
37
36.45
35.93
35.85
36
37.05
37.75
37.46
38.4
38.91
38.82
38.3
39.1
38.57
37.86
38.11
37.82
38.16
37.21
37.58
38.06
38.45
38.75
39.28
40.06
39.8
39.66
39.57
39.17
39.21
39.03
39.27
39.16
39.54
39.26
38.9
38.67
38.4
38.4
38.1
37.9
37.83
38.11
38.57
39.06
38.8
38.85
39.41
38.81
39.1
38.85
39.14
38.43
39.12
39.3
38.98
39.73
40.2
40.53
40.23
40.74
40.62
40.04
40.52
40.4
40.29
39.98
40.04
39.89
39.6
40.16
40.07
40.32
40.35
40.8
40.54
40.41
39.62
39.2
39.45
40.17
39.62
39.76
40.26
40.14
40.29
40.45
40.38
40.2
40.18
40.33
40.1
39.9
39.98
39.96
39.76
40.09
39
39.79
39.45
39.94
38.93
38.95
39.26
39.59
39.34
39.35
39.71
39.57
39.99
40.6
40.5
40.42
40.8
40.23
40.71
40.78
40.27
40.27
40.27
40.92
40.84
40.66
40.66
41.25
41.44
41.27
40.77
40.25
40.2
40.86
41.96
43.2
43.01
42.86
43.55
43.68
43.89
43.32
43.76
44.22
43.19
43.07
43.42
43.52
45.2
45.4
45.37
45.03
45.07
44.99
44.39
44.59
44.92
45.5
45.56
45.11
44.47
44.49
44.62
44.4
44.51
44.61
45.07
44.21
43.47
42.22
42.27
41.77
42.57
42.3
43.89
43.77
44.86
44.04
42.74
44.13
44.53
44.63
45.06
44.78
45.73
46.33
45.8
46.01
46.72
47.69
47.84
47.58
48.12
48.55
49.15
49.15
49.15
49.68
48.9
48.14
49.24
49.69
49.88
49.04
49.01
49.55
49.1
49.58
50.79
51.38
50.91
50.41
50.41
50.72
51.82
51.65
51.54
50.42
50.6
50.05
50.03
49.52
50.14
49.57
49.49
51.2
53.22
53.35
52.48
52.53
52.45
52.45
52.46
52.39
53.49
54.33
54.48
54.65
53.1
51.85
51.91
53.17
53.45
54.32
55.57
56.51
56.05
56.68
56.59
56.01
56.41
56.21
55.2
55.23
56.06
56.1
55.95
56.41
57.21
56.5
56.67
55.92
54.57
55.35
56.01
56.39
57.15
56.87
55.63
56.21
55
55.2
53.88
52.94
51.32
50.33
51.5
52
51.53
52.51
51.72
52.23
51.25
54.22
52.63
52.14
53.12
52.26
55.13
53.7
54.01
54.68
56.77
56.88
56.64
56.81
56.27
56.11
55.81
56.81
57.92
57.87
58.59
57.08
56.74
54.91
54.67
55.13
55.37
55.77
56.11
56.57
57.54
58.53
57.95
55.5
56.63
56.04
56.24
56.12
55.82
56.49
55.77
55.55
55.28
55.2
55.62
55.45
55.47
56.72
57.66
57.81
58.55
58.78
59.87
60.32
58.16
58.98
58.61
58.56
58.28
57.79
57.11
57.54
55.76
56.65
57.01
56.62
56.83
55.75
55.56
54.75
54.77
55.3
54.48
54.05
53.22
55.15
55.39
57.38
56.75
55.88
55.87
55.76
56.24
56.5
55.71
56.62
57.81
58.19
58.37
58.75
58.85
60.44
59.74
59.49
58.43
59.03
60.11
60.95
62.08
62.08
62.08
62.08
61.74
62.53
62.53
62.53
61.45
61.71
62.36
63.5
64.91
65.68
64.13
64.39
63.7
62.79
60.73
59.94
60
55.35
55.03
51.86
54.81
53.53
53.64
53.57
52.94
54.83
54.8
55.97
53.48
55.5
54.34
54.64
55
57.46
57.63
57.81
55.66
54.4
54.9
53.37
53.93
52.5
53.18
54.04
54.08
51.55
50.85
50.2
47.29
48.4
47.5
46.75
45.9
47
48.1
48.45
48.57
47.83
49.6
49.95
48.24
48.24
48.24
50.31
49.81
50.58
50.84
50.76
52.09
51.59
52.49
52
52.02
52.41
52.9
52.25
50.99
51.17
50.97
52.07
51.6
52.7
52.99
51.5
52.16
53.69
55.37
54.31
54.15
54.76
54.76
54.64
54.97
54.94
55.44
56.25
55.92
55.81
56.39
56
55.03
55.16
55.14
54.55
54.5
54.95
54.7
54.52
54.75
56.4
56.37
57
56.1
56.85
56.11
56.33
55.45
55.31
54.79
53.38
53.57
53.83
52.43
53.03
51.71
52.23
50.61
51.6
52.08
52.48
51.99
53.15
53.46
52.66
52.51
52.71
52.83
54.97
54.69
56.14
55.26
54.06
54.75
53.78
53.84
52.85
53.33
53.5
54.34
54.23
53.99
55.86
55.96
55.7
54.62
55.42
54.9
54.62
55.48
55.52
55.66
54.5
54.26
53.96
53.4
53.9
53.89
53.79
52.75
52.87
52.31
52.85
52.34
53.19
53.5
54.23
54.01
54.5
55.52
54.68
53.28
52.2
52.57
53.34
53.8
53.65
54.36
55.94
56.31
54.6
54.68
57.53
54.18
54.77
54.32
54.35
53.63
52.23
51.85
52.4
49.39
51.79
49.75
50.1
46.34
43.89
41.2
43.35
45.08
41.8
38.28
39.5
41.8
43.37
41.72
43.17
41.5
37.84
38.51
43.28
39.76
43.56
43.42
44.79
43.62
41.41
43.11
43.47
40.76
39.7
40.2
40.3
39.84
39.58
37.66
37.8
36.99
40.34
41.94
41.51
41.561
40.89
38.33
39.38
39.9
40.21
36.62
40.07
40.85
40.54
39.82
39.6
39.4
40.01
40
40.08
39.94
39.5
39.25
39.25
39.25
39.25
40.37
41.55
41.55
41.55
42.65
42.86
44.01
43.64
43.95
44.12
44.09
43.89
43.51
42.65
43.08
42.74
42
42.06
42.33
42.84
43.03
42.09
42.89
42.68
41.67
42.13
42.81
42.49
42.58
43.7
43.8
43.5
43.88
43.19
43.19
43.37
42.07
42.44
42.55
41.4
40.9
40.02
39.44
38.45
37.9
36.51
36.35
37.53
35.7
34.61
35.59
37.29
37.22
37.47
36.8
36.31
32.69
33.6
33.92
37.74
38.1
38.67
38.55
38.08
37.53
36.25
36
35.81
36.85
36.52
36.94
36.99
36.9
37.59
37.59
37.59
37.35
37.84
38.25
38.2
38.01
38.88
39.19
38.7
38.92
38.87
38.63
37.37
37.61
37.61
38.15
37.91
37.85
37.78
38.04
38.2
38.28
37.06
37.29
36.99
37.5
38.48
40.93
39.79
39.3
39.36
40
39.55
38.82
40.2
40.6
40
40.6
41.92
41.34
40.73
40.87
41.08
41.9
41.54
39.82
40.05
39.36
39.98
39.99
38.95
38.46
38.88
38.66
38.55
38.53
38.22
38.72
37.38
37.4
37.06
36.54
36.22
36.43
35.66
37.2
36.86
36.93
37.35
37.86
38.12
38.66
39.49
40.97
40.18
40.2
40.05
42.23
43.5
43.06
44.63
44.13
43.69
44.2
44.99
44.3
42.52
43.22
42.88
42.17
42.09
42.68
42.95
43.5
44.01
44.28
44.28
44.13
42.32
42.97
42.83
41.94
42.04
41.79
42.5
44.14
44.56
46.1
45.91
45.75
46.7
47.32
47.97
48.15
47.71
47.52
47.43
47.12
46.18
46.22
48.45
48.84
47.35
46.05
45.5
46.32
47.52
47.43
47.23
46.98
48.18
47.35
48.79
48.8
47.53
48.65
47.66
48.29
48.01
47.68
47.82
48.38
47.93
48.28
47.23
47.13
46.83
46.87
48
48.36
49.65
49.72
50.33
51.21
51.52
52.2
53.29
51.82
51.5
51.71
53.27
53.5
53.03
51.25
51.16
50.99
52.28
53.22
53.4
53.73
53
52.09
52.53
53.41
54.43
54.06
54.28
55.05
54.37
54.21
55.72
55.43
55.82
55.82
55.82
56.35
56.45
55.96
55.96
55.96
56.4
55.37
55.02
54.3
53.82
53.81
53.3
54.44
54.79
53.14
54.2
54.83
53.69
51.08
51.43
50.38
51.04
50.81
49.28
49.475
49.61
50
49.195
48.35
46.82
47.555
47.84
48.345
48.565
49.355
49.35
50.21
50.42
50.77
51.01
50.47
49.84
50
49.38
48.67
50.51
51.12
52.19
51.67
52.3
51.84
52.37
52.6
51.88
51.73
51.36
52.1
51.84
51.15
50.58
50.41
50.1
49.79
50.61
49.97
50.31
50.2
50.08
50.64
49.62
49.5
49.73
50.17
49.915
50.34
50.18
49.665
49.395
49.665
50.22
50.09
49.7
51.51
52.06
50.61
50.15
48.975
48.075
47.17
45.69
46.065
46.59
45.245
46.96
47.44
48.31
48.925
47.13
47.745
47.85
47.045
46.195
45.51
45.395
44.26
44.395
45.69
45.595
45.5
45.825
46.37
47.04
46.48
46.56
46.515
47.225
47.505
47.815
47.975
48.16
48.36
48.665
48.33
48.65
48.535
47.9
47.665
47.23
47.865
45.87
46
45.575
44.465
44.32
45.115
45.33
46
46.4
46.41
46.935
47.185
46.855
46.285
46.21
45.425
45.2
45.85
45.79
45.5
44.645
44.14
44.28
43.995
45.79
45.965
46.565
48.505
48.885
49.27
48.705
47.975
48.285
47.92
47.85
48.11
48.235
47.4
46.73
46.66
46.33
47.075
46.83
47.185
47.035
48.18
49.795
49.14
49.37
49.5
49.475
50.03
50.49
51.09
50.82
51.48
51.67
51.4
51.06
52.32
51.82
50.77
51.47
52.31
51.97
51.98
51.07
51.15
51.38
51.22
52.6
53.3
53.35
53.98
53.95
53.66
54.94
55.61
55.48
55.38
54.89
54.18
55.25
54.9
55
55.1
54.88
53.98
53.62
54.23
54.5
54.59
55.58
55.79
55.7
55.97
55.4
54.74
54.04
56.05
55
55.44
56.54
57.78
57.1
56.66
57.43
57.72
57.67
56.06
55.95
57.18
57.1
57.12
57.58
58.12
58.62
58.28
58.09
57.3
57.03
56.93
56.67
56.45
56.38
56.73
56.77
56.52
55.87
55.72
55.86
55.3
54.87
54.3
54.19
55.72
55.5
54.3
54.32
55.95
55.52
55.4
55.3
56.2
55.6
54.41
54.46
54.17
54.5
55.13
54.51
53.56
53.86
54.18
54.35
54.16
54.85
54.5
55.6
55.3
55.7
55.58
55.93
56
56.41
56.58
57.18
55.93
55.3
55.1
55
54.8
56.18
55.69
55.89
57.13
56.63
56.4
56.18
55.9
55.19
54.64
54.36
52.43
51.17
52.37
51.99
53.23
53.12
52.86
53.61
53.3
53.08
54.3
54.59
54.64
56.19
56.71
54.65
54.77
54.52
54.99
55.39
54.75
55.7
55.46
55.6
54.45
54.02
56.36
56.63
57.12
57.54
58.71
59.35
58.13
58.55
57.39
57.98
58.98
57.73
58.47
58.66
57.89
58.21
58.4
57
57.94
57.81
56.96
55.81
56.21
55.75
54.71
55.27
55.82
56.95
56.6
55.13
55.43
56.25
56.04
55.33
55.28
55.56
55.72
57.01
56.23
57.33
57.56
57.39
57.68
58.03
54.4
54.08
53.7
53.89
54.79
55.44
55.67
56.43
56.51
57.27
57.89
57.39
56.09
55.68
55.41
54.9
55.5
55.7
56.32
55.94
56.67
56.63
57.35
58.3
57.53
56.85
55.93
54.07
53.03
52.16
50.65
48.72
46.725
45.025
42.505
44.415
45.635
46.235
46.24
46.07
43.865
43.065
43.4
44.175
45.095
43.875
43.325
44.46
43.885
44.89
44.44
42.805
40.825
37.75
39.05
38.97
38.995
38.44
38.375
38.74
38.96
39.54
38.28
39.045
38.39
36.815
39.42
41.1
42.12
41.81
42
41.45
40.575
39.49
40.1
41.14
40.895
42.17
43.605
44.855
44.24
44.85
44
44.415
44.085
43.14
44.75
44.865
44.615
44.81
48.005
47.83
46.295
43.38
45.32
46.63
44.895
46.025
46.55
45.755
46.435
48.09
47.025
47.24
47.375
46.78
46.145
44.395
43.98
43.405
42.845
43.495
45.595
45.79
48.76
47.345
47.295
47.645
47.04
47.175
46.47
47.375
45.82
45.73
44.8
44.99
45.045
44.75
46.99
47.045
47.925
48.135
48.27
47.36
48.73
49.4
50.81
51.62
51.5
52.27
51.77
51.25
53.89
53
53.87
52.82
53.9
54.86
54.87
54.2
53.52
53.25
53.26
52.66
53.92
53.4
53.03
53.54
54.4
54.31
55.09
55.25
55.03
54.44
55.24
54.2
55
55
55.56
55.62
56.17
57.31
56.64
56.07
56.02
55.9
55.91
55.84
55.5
56.61
55.65
55.22
53
53.33
54.68
54.7
54.97
55.63
55.26
55.16
54.35
53.9
54
54.79
53.6
53.44
53.83
53.75
52.88
52.24
52.74
53.84
53.93
52.37
52
50.83
51.19
51.79
50.5
50.94
52.85
52.53
52.4
53.73
51.37
52.09
53.21
54
55.66
53.21
53.19
53.39
52
52.18
51.33
52.56
52.49
53.05
51.51
51.18
51.29
51
50.67
51.77
52.06
50.84
50.45
50.9
51
51.83
51.11
51.14
48.815
48.43
47.965
48.635
49.74
49.465
50.06
50.82
51.45
52.16
53.51
53.32
54.79
54.13
54.2
52.87
52.97
53.31
54.98
54.02
56.78
57.48
58.3
58.38
57.85
57.1
57.11
57.41
57.42
56.96
58.3
57.57
58.17
59.06
59.78
58.54
56.94
56.56
57.05
59.71
60.99
61.15
61.91
62.26
60.6
63
62.37
63.03
63.12
63
62.65
62.24
63.53
63.17
63.2
62.63
62.75
62.6
61.43
60.7
61.46
62.23
61.63
62.05
61.19
61.67
62.78
62.26
62.91
65.53
65.22
64.41
65.47
65.75
65.38
64.9
65.57
65.1
65.43
65.9
67.5
67.7
68.35
67.5
68.4
66.83
68.53
67.4
67.6
67.28
69.01
68.23
67.84
67.75
68.57
67.97
68.27
70.36
69.62
69.49
69.06
68.49
65.87
66.24
66.69
67.15
66.5
67.65
67.19
67.5
67.43
67.62
68.19
66.26
66.36
65.72
66.14
66.66
66.49
65.43
65.32
66.4
67.25
67.75
68.64
69.74
69.3
69.34
70.05
70.04
69.55
70.11
70.3
70.15
72.54
71.9
72.2
72.41
72.25
72.44
72.45
72.27
72.49
71.43
72.4
72.95
72.41
71.89
71.97
71.96
72.8
71.62
71.92
72.32
72.01
72.87
72.76
72.15
72.68
72.93
72.5
72.85
73.02
72.88
72.42
75.92
75.68
73.57
73.45
72.68
73
71.93
71.7
70.1
70.82
70.96
70.17
70.87
71.06
69.64
69.01
69.29
71.79
72.63
71.28
73
73.75
72.77
73.86
75.86
75.37
75.57
77.99
78.23
78.24
78.61
77.7
77.03
77.2
78.75
78.55
78.22
78.24
80.36
79.14
78.34
79.1
79.63
79.21
80.47
82.29
82.31
81.6
79.07
81.09
80.32
81.11
82.02
80.32
81.59
81.05
77.58
78.79
78.32
77.87
79.5
80.62
80.7
81.16
79.57
79.22
80.12
81.71
81.11
81.85
83.3
83.23
83.51
83.75
84.52
85.03
84.8
83.79
84.12
84.65
85.5
83.91
84.46
84.74
86.6
83.88
83.67
82.89
81.32
82
81.14
80.58
83.27
84.07
82.86
82.92
81.98
81.77
83.49
83.82
84.19
80.58
79.61
78.12
79.03
81.62
82.19
81.93
82.37
81.71
80.89
82.57
80.06
82.42
83.47
83.32
83.84
84.61
84.67
83.7
84.15
85.5
84.98
84.88
84.48
84.27
84.22
83.75
83.99
84.35
87.35
89.43
89.63
89.6
88.65
87.26
87.2
86.96
86.82
86.65
87
86.66
86.62
87.25
87.51
87.18
88.41
88.15
88.51
86.36
85.04
85.48
84.04
85.64
84.82
84.92
84.19
83.46
82.01
83.5
84.32
83.44
83.68
85.17
84.83
85.22
86.61
87.68
86.24
86.47
86.54
86.87
87.49
87.16
87.73
86.48
86.26
86.1
84.86
84.32
84.11
85.64
87.24
86.97
88.14
89.47
89.41
90.49
89.3
90.39
91.22
90.62
91.2
91.39
92.3
92.52
91.54
91.15
92.56
92.71
93.87
93.39
93.8
93.6
93.47
93.03
95.05
94.89
94.59
94.24
94.94
95.98
95.93
96.06
95.79
96.73
97.17
98.2
98.55
97.16
95.75
95.32
96.01
96.98
95.76
95.81
95.69
95.43
96.96
96.16
98.31
99.4
99.46
101.5
103.05
101.95
100.05
100.8
100.35
101.4
100.1
98.82
99.16
98.22
98.11
101.7
101.25
101.3
102.05
103.1
104.05
102.7
99.12
98.03
98.06
98
98.44
97.89
97.22
95.96
94.84
95.26
95.46
95.45
99
99.1
99.99
101.1
100.95
101.3
101.9
101.2
101.4
102.2
101.3
100.35
99.85
102.9
98.1
101.25
99.99
99.59
96.71
96.44
95.63
95.45
93.12
95.05
95.55
95.29
95.92
96.32
98.1
94.85
97.01
97.65
97.21
99.3
98.18
97.6
97.58
98.46
99
96.52
95.77
95.52
94.62
92.81
93.63
91.51
92.93
93.59
97.32
96.83
97.01
95.77
98.95
101.5
100
100
100
99.07
99.15
100.8
100.2
102.5
102.55
103.5
103.35
103.5
103.4
102.65
103.35
102.85
103.3
105.2
105.8
104.75
105.05
106.1
106.6
105.4
105.55
104.65
105.2
105
106.35
104.9
104.15
103.6
102.85
103.15
102.8
103.45
103.75
103.25
104.6
104.3
102.9
102.4
103.15
105.45
104.5
106
105.1
103.65
102.5
103.15
100.8
101.15
101.95
100.85
102.1
100.5
100.85
99.2
99.89
100.4
100.95
98.71
99.29
99.48
101
98.92
95.73
94.73
96.78
96.57
95.93
95.12
96.98
95.63
97.19
97.69
95.41
97.49
99.3
98.96
100.05
99.03
101.4
102.85
101.65
101.15
102.05
102.65
102.6
104.3
105.65
105.6
105.6
105.35
105.65
106.4
106.15
106.6
106.05
106.15
112.7
112.25
112.7
111
112.35
110.2
110.05
109
110.9
110.35
107.75
108.15
105.6
104.8
105.35
102.75
103
102.75
98.88
101.4
104.85
102.5
104.2
105.25
106.9
105.75
105
107.45
107.05
109.95
113.45
112.3
111.55
113.8
114.5
111.85
112.25
112.05
109.5
110.65
109.9
110.95
113.35
113.9
114.1
118
117.45
117.8
117.9
120.35
120.95
120.4
118.7
119
116.95
120.95
119.2
114.6
115.65
115.8
112.8
109.1
112.3
112.1
115
114
115.4
115.2
115.05
113
113
109.2
110.45
110.45
116.45
113.15
115.3
118.4
116.85
120.5
123.7
124
123.8
123.2
123.1
128.1
129.45
127.6
129.2
128.75
128.05
129.05
129.65
129.7
127.8
125.25
121.6
123.75
123.6
125.95
126.45
125.4
125.65
125.05
124.8
124.5
126.3
128
127.3
132
132.05
131.9
131.45
132.5
133.35
133.65
136.05
136.15
141.1
140.25
141.7
145.25
142.6
142.7
142.4
143.95
141.15
142.55
140.35
138.8
139.15
142.35
139.95
140.3
138.8
141.2
139.9
141.75
146.2
145.2
143.2
142.85
138.95
133.5
136.8
137.8
136.45
134.15
135.3
138.35
134.4
129
129.9
130.1
126.45
126.95
127.4
132.75
132.4
130.5
128.85
131
130.45
133.9
137.5
137.25
137.75
137.1
134.45
136.9
133.4
129.15
130.3
128.75
129.5
128.85
126.3
124
124.25
129.7
129.8
127.35
124.05
126.5
125.2
128.05
127.7
133.6
134.7
133.9
133.4
132.95
127.55
125.55
128.4
126.9
125.85
123.2
121.5
123.95
127.3
132.75
136.05
137.35
136.05
137.25
136.95
136.2
132.8
132.75
132
131
127.35
129.9
135
133.75
134.3
135.25
134.85
137.35
136.75
134.65
134.65
131.35
127.2
129.5
128.95
128.75
129.25
125.6
122.8
118.25
112.35
118.95
116.9
122.1
121.5
120.95
117.05
118.35
122.65
117.7
119.5
121
120.7
119.6
118.9
118.85
119.55
115.05
116.35
116.05
118.6
121.05
121.35
122.6
122.45
121.4
122.4
123.45
120.75
121
122.55
120.4
119.7
120.35
124.85
124.15
125.8
126.2
125.35
122.9
124.65
126.85
125.8
126.3
124.85
123.85
117.7
116.45
118.5
116
113.6
114.7
112.1
109.85
113.4
114
115.85
114.2
113.4
116.1
116.1
116.1
115.5
117.9
115.8
115.8
115.8
111.05
111.25
109.65
106.85
103.9
102.8
104.2
104.35
102.85
100.6
101.05
102.5
100.45
103.2
105.55
105.8
105.35
105.05
101.95
103.4
102.55
100.35
98.54
98.47
96.4
94.51
93.17
94.85
92.82
94.77
96.43
95.3
97.69
98.96
98.03
98.97
97.2
94.79
95.41
97.83
96.43
98.07
98.84
97.62
98.49
98.25
95.55
97.96
100.25
100
98.88
99.26
103.7
104.2
102.5
102.3
103.4
103.3
101.1
102.9
100
101.25
100.15
101.75
102.05
102.55
105.4
105.75
105.7
106.55
109.65
109.7
110.45
110.3
109.7
108.45
105.65
104.25
100.75
99.84
98.28
96.78
98.17
97.77
99.95
100.15
100
95.15
96.14
96.14
95.75
96.42
88.51
89.54
87.15
87.15
85.33
86.44
85.63
86.25
89.34
89.18
91.97
88
88.06
87.16
88.1
87.77
88.08
91.74
91.84
93.17
87.64
86.98
