27
27.59
26.2
25.75
24.75
23.33
24.45
24.25
25.02
23.6
24.2
24.28
25.7
25.46
25.1
25
25
25.85
25.65
25.35
25
25.6
25.2
26.2
27.55
27.75
26.9
26.9
27
26.11
26.66
26.91
26.9
26
25.8
25.33
25.78
25.7
26.2
26.55
27.31
31.05
31.75
29.99
30.7
33.1
34.45
33.4
33.8
32.55
33.15
34.4
33.93
33.15
33.15
33.92
33.2
32.2
31.35
32.5
32.45
32.5
32.1
30.9
31.4
30.1
30
30.01
30.01
30.01
30.7
30.5
30.2
29.6
29.6
31.5
30.75
31.5
32.89
33.25
34.45
33.6
34
33
32.59
33.5
31.78
30.75
30.5
30.4
30.7
32.15
32.7
32.29
32.45
32.35
32.6
33.13
33.9
33.16
32.97
32
31.89
32.59
33.13
34.09
34.29
34.38
32.81
33.2
32.95
32.54
32.26
31.7
31.51
31.09
31.45
32.92
31.65
32.37
33.35
33.46
36.19
34.5
34.53
36.02
37.61
37.8
36.43
35.83
36.5
35.8
37.98
36.99
37.5
36.72
37.1
36.89
36.45
37
36.2
35.35
36.3
36.4
36.7
36.6
37.4
37.2
37.75
37.1
36.65
37.5
37.5
36.45
36.34
37
36.8
37.25
37.35
37.71
38.15
36.25
36.56
36.29
37
37.2
36.85
37.97
37.98
37.51
37.97
36.65
37.32
36.74
36.87
37.97
36.11
37.59
37.3
36.95
37.6
36.65
37.95
38.75
39.7
41.2
41.59
39.4
39.11
39.25
39.39
38.99
37.84
38.2
37.89
36.79
37.75
36.9
37.37
37.23
37.54
37.69
38.23
38.01
39.02
39.5
38.9
40
40.04
39.45
38.96
39.1
38.75
38.26
39.56
40
39
38.05
36.9
36.45
34.98
35.07
34.96
35.53
36.6
36.45
34.15
33.43
32.65
33.95
34.41
33.8
35.31
35.61
35.48
34.85
34.62
33.89
34.19
35.6
34.3
33.5
32.99
32.99
32.99
36
34
34.9
34.9
34.22
34.53
35.24
37.69
37.49
37.08
36
34.85
34.8
35.57
34.97
36.5
36.51
37
38.5
39.11
38.45
37.85
38.12
37.8
37.68
37.74
38.59
37.95
37.57
38.9
38.93
38.7
38.5
39.06
38.33
38.97
39.98
38.6
39.55
39.84
40
39.18
39.2
37.85
38.05
37.65
38.46
38.8
39
37.69
37.8
38.99
39.27
38.47
37.9
35.28
35.05
35.17
35.05
34.65
33.92
32.06
33.05
33.6
35.33
35.57
36.2
34.57
34.78
33.58
34.17
34.8
34.6
35.49
35.22
35.8
36.56
36.56
36.56
36.65
36.91
37.4
38.01
38.01
37.49
37.8
38
37.21
37.4
37.4
39.3
39.27
39.45
39.02
39.05
39.47
41.42
40.45
40.3
40.4
41.07
40.4
41.49
41.1
40.4
40.16
40.41
40.04
40.1
39.22
39.13
38.8
39.7
39.9
40.17
40.19
41.03
40.3
40
39.55
39.72
38.84
37.6
37.86
37.9
38.15
38.35
38.62
38.34
37.8
38.65
38.8
39.1
39.56
39.55
40.04
40.22
39.95
39.95
39.75
40.25
39.8
39.92
39.75
39.58
38.78
38.75
39.27
39.2
38.92
39.57
39.97
39.96
39.95
40.4
40.4
40.35
40.05
40.4
40
39.04
38.65
38.32
38.6
38.78
38.07
36.14
34.95
35.15
35
35.47
35.99
36.58
36.25
35.28
35.35
35.3
35.35
35.2
36.98
37
36.87
36
34.9
33.1
31.57
31.05
27.7
28.02
27.8
26.65
24.15
25.47
27.37
26.35
26.35
26.85
28.03
28.17
29.56
30.7
31.41
31.24
32
32
32
34.15
33.12
33.11
33.35
33.58
33.4
33.17
34.23
34.81
35.34
34.09
34.55
33.85
32.76
33.04
34.07
34.25
35.55
34.83
37.1
37.39
37.4
36.7
38.16
38.05
38.72
38.85
39.5
38.82
38.59
38.34
38.9
38.9
37.84
37.15
36.75
36
36.55
37
39.47
39.25
38.1
38.29
38.15
38.13
37.3
36.97
38.7
38.25
38.05
38.15
39.47
39.47
39.47
39.47
39.65
39.15
39.15
39.15
39.95
40.79
41.4
40.3
40.6
40.7
40.4
39.35
38.59
38.05
37.25
38.19
38.01
37.61
37.75
38.17
38.11
38.49
40.28
41
41.27
42.85
42.41
41.8
41.64
40.35
40.04
40.86
40.8
40.56
41.46
41.94
41.14
41.5
41.15
41.01
41.5
40.38
41.65
41.75
41.92
42.6
44.3
44.5
44.9
44.23
44.17
44.44
44.8
44.12
44.3
44.2
46
46
46.6
46.05
47.41
47.05
45.5
45.18
45.1
45.63
45.63
45.63
45.37
45.15
44.55
44.76
44.8
44.66
45.4
44.16
44.5
44.5
45.8
45.6
45.45
46
45.15
45.34
45.12
44.25
43.85
43.4
44.01
44.01
44.95
44.25
44.55
44.85
46.05
45.85
47.04
47.25
46.85
46.2
46.95
47.6
47.25
47.49
47.25
46.36
46.45
46.5
46.27
45.8
44.91
45.87
44.62
44.19
44.47
44.84
44.25
44.25
45.25
44.5
42
39.88
42.31
42.1
41.42
39.95
38.18
37.94
40
40.5
40.8
41.11
41.15
40.1
39.5
40.35
42.37
42.5
42.81
40.9
41.26
41.25
39.05
38.82
39.57
40.08
38.65
36
35.69
36.57
36.2
36.85
40.04
40
38.45
37.97
38.31
36.8
39.25
39.51
38.55
38.2
38.19
39.25
39.35
40.2
39.49
40.47
39.37
39.72
39.55
38.81
38.61
39.63
38.58
38.05
38.54
37.3
35.97
35.25
35.3
36.3
36.47
37.03
37.6
35.8
35.1
35.6
35.46
34.03
32.58
34.11
33.75
31.86
32.11
34.32
34.25
32.51
33.54
34.79
33.29
32.46
32.25
31
29.93
30.7
33.25
32.85
34.75
35.04
37.3
36.96
37.63
36.8
36.21
36.68
36.22
37.33
34.8
34.64
36.05
35.85
37
36.66
34.18
33.15
32.02
32.69
33.43
32.91
33.84
33.42
33.28
33.01
32.49
33.5
33.25
32.3
32.17
33.74
34.21
34.11
34.3
33.41
34.6
33.31
33.11
31.82
33.25
32.95
31.45
30.95
31.26
31
29.51
29.5
29.71
29.3
29.3
29.3
29.3
27.97
28.92
28.92
28.92
30.3
30
30.53
30.06
28.41
28.51
29.1
29.61
29.32
28.37
28.6
27.89
28.29
28.48
27.81
26.89
26.19
26.31
26.5
27.3
26.7
27.26
27.65
26.77
27.69
26.79
25.89
25.79
25.94
25.3
24.55
25.89
26.11
25.94
25
24.4
25.63
25.13
25.04
23.7
25.2
26
26.35
24.16
23.92
23.2
23.06
22.38
21.34
21.12
22.77
23.45
24.02
25
26.3
26.94
27.82
25.63
26.6
26.36
26.43
26.35
25.44
26.02
27.6
27.8
28.31
30.4
29
28.66
28.75
28.95
29.79
30.16
29.67
30.35
30.35
30.35
30.42
30.72
29.43
29.06
30.19
29.64
29.87
29.87
29.44
29.26
28.95
28.1
28.41
29.7
29.46
29.13
29.06
29.19
28.69
27.08
26.31
26.49
27.13
26.85
26.97
27.04
27.43
27.9
29.37
29.37
29.31
29.66
29.7
31.09
30.48
30.85
31.39
31.42
31.5
32.37
32.85
33.39
31.96
32.35
31.84
32.41
32.3
33.53
33.39
33.5
32.53
33.67
34.07
34.76
35.14
35.42
34.24
33.84
34.41
34.72
34.5
34.28
33.72
33.9
33.15
33.49
33.38
33.9
34.23
33.79
33.42
33.56
34.46
34.35
33.83
33.8
34.05
33.55
33.33
33.32
33.72
34.51
34.94
34.79
35.39
36.21
36.2
37.55
37.29
37.05
36.38
35.99
35.93
35.99
36.43
37.18
38.4
38.4
37.35
37.06
36.46
35.54
36.25
35.27
35.43
35.7
35.98
36.44
36.55
34.88
34.17
32.55
32.62
33.15
33.23
32.45
33.76
33
34.49
34.74
34.28
34.36
35.32
34.88
35.1
35.07
35.4
35.68
35
34.59
33.99
33.94
33.75
33.3
33.5
34.04
33.7
33.85
34.45
35.78
36
35.26
36.2
37.5
37.19
37.27
37.62
37.49
37.64
36.41
36.13
36.2
35.95
36.05
37
37.6
36.85
37.49
36.73
37.13
36.19
36.58
36.7
36.36
35.97
35.71
35.9
36.98
37.05
37.06
36.94
36.48
37
37.1
36.97
36.94
36.94
36.94
36.94
36.97
36.75
36.75
36.75
37.3
37.49
36
35.5
35.33
35.01
34.98
35.65
36.25
36.22
36.71
36.4
36
35.96
35.54
35.34
35.35
35.59
35.81
35.54
35.19
35.6
34.73
34.15
33.6
33.9
33.69
33.6
34.05
33.99
33.69
33.62
33.85
33.84
34.22
33.62
33.74
33.28
33.36
33.95
34.38
34.51
35.69
35.65
35.76
35.58
36.02
35.71
34.85
33.66
34.17
33.37
33.45
34.43
34.25
33.99
33.1
32.63
32.72
33
32.85
33.38
33.46
33.09
33.91
34.71
35.06
34.67
33.93
34.57
34.57
34.57
35.29
34.68
35.06
35.11
35.25
35.67
35.9
36.74
37.44
36.7
37.01
36.64
36
35.97
36.45
36.3
36.35
35.05
35.28
34.31
34.58
34.48
34.82
34.4
33.9
34.35
35.2
34.51
34.34
34.46
34.11
34.81
35
34.7
34.9
34.62
34.59
34.36
34.61
35.19
35.14
35.37
35.61
35.56
34.94
35.13
35.33
35.34
35.28
35.16
34.75
35.06
35.65
35.4
36.24
36.33
36.37
36.04
35.7
35.75
35.26
35.58
35.88
35.87
35.45
35.87
35.58
35.5
35.49
35.25
35.33
35.64
35.34
35.62
35.24
35.64
36.72
37.13
36.92
36.83
37.04
35.61
35.04
33.89
33.6
33.98
33.6
33.48
33.17
33.75
33.61
33.61
33.45
33.25
33.87
34.14
34.19
34.47
34.55
34.31
33.89
34.25
34.46
34.58
34.76
34.82
34.96
34.48
34.56
35.3
35.38
34.72
35.21
35.23
35.11
34.78
34.25
33.6
33.79
33.59
33.36
33.71
33.1
34.02
34.65
34.81
34.67
34.82
34.3
34.23
33.53
33.75
33.69
33.85
33.66
34
33.56
33.54
33.35
32.38
32.72
33.28
33.69
33.15
33.73
33.8
33.01
32.4
32.35
32.57
32.55
32.78
33.25
32.89
32.76
32.49
32.36
32.37
32.35
32.21
31.81
31.8
31.9
31.84
32.1
31.78
31.95
32.41
32.1
31.94
32.03
32.8
32.57
32.6
32.7
33
32.8
32.9
32.44
32.67
32.79
33.34
33.26
33.26
33.18
33.31
33.2
33.2
33.2
33.75
34.42
34.54
34.71
34.6
34.5
34.12
33.85
33.42
33.83
33.67
33.33
32.98
32.78
32.52
32.56
32.88
32.24
32.32
32.04
32.17
32.77
32.6
32.7
32.87
33.24
33.2
32.98
33.17
33.2
32.99
32.95
32.65
32.71
32.62
32.7
32.3
32.23
32.15
32.34
32.35
32.49
32.98
33.23
33.1
33.1
33.31
33.1
34.1
34.74
34.6
34.54
34.22
34.06
34.46
34.85
35.43
35.4
35.48
35.48
35.48
35.32
35.3
35.05
35.1
34.96
35.25
35.15
35.09
34.78
34.91
34.64
34.55
34.75
33.99
33.11
33.42
33.17
33.01
33.23
33.28
32.89
32.65
32.29
32.7
32.98
33.14
33.3
33.45
33.77
33.55
33.31
33.58
34.12
33.82
33.71
33.89
34.29
34.41
34.6
34.8
34.76
34.6
34.81
34.94
35.13
35.2
36.01
36.62
36.17
36.38
37.12
36.84
36.76
37.04
37.38
37.2
36.45
36.74
36.63
36.39
37
37.42
37.56
36.8
36.58
37.11
37.46
37.73
38.09
38.9
38.57
38.62
37.58
38.48
39
38.47
38.81
39.09
39.08
39.07
39.3
39.44
39.25
38.93
39.27
38.63
38.47
38.75
38.65
38.97
39.62
37.95
37.13
36.74
37.27
37.6
37.29
37
36.74
36.38
36.21
36.54
36.82
37.2
37.34
37.14
37
36.57
35.88
36
35.96
36.42
36.35
36.31
36.91
37.11
37.51
37.27
37.42
37.28
36.46
36.54
36.6
36.96
36.95
37.89
37.46
37.49
37.51
38.53
38.39
38.9
38.87
39.06
39.25
39.97
39.5
38.65
38.74
38.56
38.4
38.34
38.43
38.26
38.09
37.9
37.38
36.85
36.82
37.13
36.8
37.1
36.68
36.52
36.2
36.24
36.35
35.7
35.16
36.09
36.68
36.35
35.96
36.85
36.98
37.1
37.1
37.31
37.65
38.04
37.46
37.31
37.2
37.24
37.21
37.22
37.32
37.47
37.79
37.82
37.94
37.43
37.42
37.62
37.62
37.46
37.28
36.9
37
36.92
37.02
36.76
36.86
36.88
36.88
36.9
37.12
37.41
37.05
37.4
37.21
37.45
37.31
37.78
37.68
37.56
37.4
37.19
37.15
37
36.58
36.17
36.11
35.89
35.88
35.95
36.79
36.92
36.92
36.98
37.23
37.5
37.9
38.25
38.65
38.97
38.74
39.15
39.59
40.63
40.05
39.58
39.59
39.6
39.63
39.28
39.6
39.54
39.76
40.01
40.34
40.49
39.64
39.28
39.37
39.24
39.16
40.32
40.56
40.71
41.87
42.7
42.72
42.3
42.72
42.73
44.97
45.45
46.01
44.85
44.61
44.88
45.57
45.45
46.08
45.69
45.8
45.29
44.06
44.56
44.65
44.46
44.48
44.48
44.48
44.2
44.55
45.4
45.01
44.5
44.29
44.9
44.18
43.11
43.11
43.41
42.26
42.64
42.81
42.4
43.08
43.36
42.68
41.07
40.85
40.99
39
39.86
39.93
39.17
39.63
39.06
39.64
41.36
40.98
40.03
40.14
39.71
39.45
39.06
37.88
37.75
37.5
38.34
38.04
36.96
36.56
37.75
37.9
38.24
38.48
38.13
38.17
38.13
37.93
37.49
37.6
38.44
39.06
38.96
39.14
38.5
39.12
38.77
39.02
38.59
39.09
38.9
38.25
38.05
37.7
38.41
38.47
37.68
38.56
38.87
38.68
39.8
40.29
40.41
39.77
39.92
39.44
39.5
38.72
38.75
39.26
38.91
38.99
39.15
39.15
39.59
39.97
40.15
39.79
40.23
40.16
40.45
40.41
40.33
40.39
40.45
40.44
40.48
40.5
40.42
39.62
38.97
39.02
38.93
39.61
40.2
40.45
39.91
39.81
39.77
40.5
41.23
40.47
40.86
41.39
41.74
41.74
42.24
41.57
41.87
42
42.16
42.4
41.97
42.29
42.02
42.1
43.13
43.89
43.28
44.01
45
44.81
44.58
44.61
45.26
45.1
45.2
44.64
45
45.2
44.55
44.31
44.67
44.58
43.58
43.88
43.85
44.2
44.05
44.93
45.15
44.38
44.55
44.15
44.04
43.99
42.82
41.86
41.72
42.12
41.49
41.2
41.2
42.02
41.8
41.99
41.78
42.54
42.52
42.95
43.4
43.22
43.26
43.09
43.66
43.18
42.58
42.58
42.58
43.49
43.7
43.51
43.51
43.8
44.05
43.64
43.59
43.05
43
42.95
43.5
43.7
44.05
43.85
44.53
45.39
45.4
45.32
45.45
46.65
45.99
46.55
47.52
47.08
46.8
47.18
47.24
46.94
46.55
45.43
44.64
45.57
44.9
45.74
46.15
45.96
46.05
46.38
45.5
45.2
44.76
44.81
45.04
43.69
43.91
43.01
42.85
41.72
42.09
42.5
42.44
42.25
42.4
41.8
40.52
41.2
40.95
41.04
41.26
42.9
43.42
43.87
43.78
43.55
42.91
43.68
44.17
44.1
44.31
45.4
44.9
44.9
44.9
45.05
44.76
44.7
44.94
44.46
43.82
43.39
43.4
43.59
44.75
44.7
45.15
46
45.42
45.32
45.32
45.95
46.43
48.07
47.8
47.27
47.44
48.94
50.41
49.86
50.62
49.69
49.05
49.53
49.31
49.39
50
49.25
49.75
49.75
50.6
49.88
49.77
50.73
49.86
49.2
47.6
47.1
46.81
47.3
47.22
47.38
49.09
49.68
49.55
49.37
49.38
48.33
48
47.97
48
47.24
47.73
48.01
47.75
48.4
48.97
48.04
49.25
49.4
48.19
47.58
48.66
48.91
49.79
48.96
47.96
47.77
47.44
47.94
47.06
46.2
45.09
45.07
44.54
45.83
43.53
43.71
42.82
43.11
43.68
44.27
43.86
44.3
44.32
44.21
44.52
43.75
43.92
43.81
43.95
44.15
43.89
44.04
44
43.3
43.41
43.8
44.63
45.08
45.6
44.9
45.13
43.38
42.76
43.61
42.99
42.93
42.79
42.22
42.31
43.05
42.15
43.57
45.14
45.27
46.68
45.98
45.23
45.51
46.2
45.76
46.48
47.4
47.41
47.5
47.32
47.63
47.23
46.81
46.57
46.37
46.11
45.78
45.5
45.21
44.91
45.55
45.74
46.33
45.73
46.23
45.09
44.24
44.8
43.22
41.55
41.63
41.08
41.48
42.26
42.52
42.25
41.79
40.74
41.23
39.74
40.13
40.5
39.95
39.92
40.69
40.77
41.7
41.61
40.86
41.29
41.1
40.93
41.85
42.04
41.7
40.86
41.32
40.43
40.86
40.42
40.41
42.52
42.52
42.52
42.52
42.36
42.35
42.35
42.35
42.73
42.09
40.9
41.98
41.79
41.56
42.09
41.88
41.5
39.9
40.01
38.72
37.68
36.28
35.98
34.74
36.33
37.06
37.33
37.44
37.65
36.8
37.26
38.42
36.12
35.11
34.33
34.42
34.2
35.81
35.83
35.41
35.22
35.9
36.36
36.27
36.43
35.6
36.36
37.41
37.08
36.93
36.18
36.49
35.28
35.35
34.96
34.76
34.33
33.72
33.8
32.6
32.2
31.11
32.63
33.75
34.23
34.23
34.23
35.44
34.88
34.94
34.55
34.99
36.05
36.55
35.94
35.72
36.1
35.86
35.87
35.9
35.06
33.79
33.84
33.24
33.93
34.83
34.26
33.79
33.82
33.58
35.02
35.19
35.02
35.32
35.32
36.67
36.8
37.13
37.71
37.72
36.2
36.23
36.59
36.66
36.55
36.94
37.18
36.3
34.75
35.83
35.28
35.15
35.81
36.61
37.13
38.07
36.5
36.94
36.85
36.14
34.73
34.28
34.36
33.4
33.67
33.56
33.19
33.87
33.04
32.93
32.4
32.35
31.25
31.89
30.54
30.19
30.52
29.96
29.79
29.86
29.63
29.99
30.25
30.31
29.86
28.76
28.1
27.71
28.27
29.46
30.03
30.57
30.7
31.83
30.48
30.68
29.75
29.48
29.41
28.89
27.39
26.63
27.64
27.77
27.625
29.445
30.755
31.22
29.17
28.88
29.58
29.13
28.43
28.71
27.73
28.535
28.14
27.935
27.655
28.26
28
28.35
29.3
29.1
28.27
27.58
28.72
28.9
29
28.6
28.97
27.81
27.8
27.17
27.39
30.92
29.78
28.92
28.58
29.11
28.22
27.295
27.29
26.02
24.85
25.87
24.72
24.54
22.66
21.64
19.63
21.85
22.465
20.255
19.575
20.485
20.295
21.045
19.85
19.15
18.255
17.185
17.075
18.505
19.84
20.085
20.37
22.925
22.8
21.185
21.535
22.525
21.32
20.735
21.955
21.38
21.48
21.805
19.04
18.525
17.94
19.7
19.16
19.465
20.37
19.675
18.82
19.655
20
20.655
19.82
20.855
22
22.615
22.44
21.9
21.945
22.175
22.065
22.2
21.54
21.05
21.275
21.275
21.275
21.275
21.3
21.61
21.61
21.61
22.34
21.855
21.82
21.995
21.845
22.39
22.25
21.21
20.075
19.505
19.555
19.08
18.4
18.78
18.3
17.53
18.215
18.575
18.955
18.3
18.61
17.61
18.125
19.37
19.595
21.865
23.03
22.5
22.61
22.7
23.715
23.365
21.925
21.62
22.03
21.31
20.15
19.21
19.81
20.325
19.75
19.07
19.195
20.9
19.31
19.83
20.165
21.48
22.94
23.395
22.6
22.475
22.85
22.305
21.865
21.98
22.6
22.415
22.34
22.46
23.26
21.52
21.79
22.745
26.12
27.12
25.015
23.91
25.385
26.02
26.02
26.02
25.745
25.705
26.03
27.18
25.87
25.83
26.24
26.23
27.21
27.19
25.985
26.75
26.25
26.25
26.85
27.49
28.195
27.76
26.66
25.49
24.92
23.805
24.755
24.62
25.32
26.25
26.035
25.38
25.055
24.88
25.41
26.165
25.405
25.395
26.92
27.48
27.105
27.09
27.99
28.04
28.155
29.005
29.35
29.22
27.915
27.725
27.16
27.3
26.895
25.805
26
26.7
26.585
26.53
27.085
26.84
27.525
26.59
26.445
25.63
25.48
25.045
25.6
25.83
26.68
28.09
28.63
28.5
29.265
28.77
30.06
30.04
30.58
30.86
30.54
30.395
31.405
32.06
32.43
32.915
32.355
31.67
31.4
31.52
31.695
30.835
31.39
32.5
32.015
31.295
31.31
31.325
31.93
32.535
32.295
32.44
32.61
31.675
32.04
31.775
30.98
30.475
30.15
31.73
32.315
31.995
34.47
34.265
34.445
35.02
34.75
34.95
34.215
33.81
34.29
34.72
33.95
33.79
33.5
34.035
33.68
32.95
32.41
31.83
31.775
32.395
32.15
33.055
32.84
33.53
33.195
34.035
33.58
33.25
34.665
35.1
35.59
35.56
35.94
35.605
34.465
33.125
33.93
33.295
33.605
31.5
32.285
32.78
33.07
33.45
32.7
33.01
33.185
33.465
34.59
33.88
33.89
33.2
32.76
32.795
32.325
32.16
31.3
32.28
31.425
32.125
31.655
32.195
32.75
32.61
32.22
31.695
31.655
31.72
31.595
31.59
32.195
32.34
31.945
31.815
32.16
32.12
32.12
32.12
31.8
32.05
31.8
31.8
31.8
32.05
32.31
32.81
33.1
32.655
32.17
31.235
31.425
31.89
31.63
32.1
32.43
31.8
31.155
30.7
30.14
30.255
29.59
29.55
30.96
31.065
31.175
31.225
30.335
29.92
29.61
29.625
29.665
29.49
29
28.65
29.405
29.615
29.415
30.435
30.26
29.69
29.485
29.375
29.785
30.445
31.34
31.65
31.56
32.365
31.99
32.13
32.265
32.69
32.54
32.64
32.755
32.47
32.105
32.06
32.5
33.15
33.375
34.04
34.2
34.115
33.785
34.18
35.155
35.41
34.8
34.53
34.86
35.12
35.35
35.515
35.33
35.56
35.31
36.795
36.58
36.25
37.28
37.82
37.06
36.79
36.775
37.13
37.38
35.84
35.98
36.51
35.4
37.68
38.18
39
39.52
38.62
38.715
39.61
37
36.115
36.025
36.04
35.29
35.76
37.205
37.62
37.965
37.975
38.455
39.165
38.105
38.235
37.66
38.91
40.57
40.085
39.755
39.845
39.03
39.7
40.705
41.8
41.515
41.485
41.365
40.36
41.17
40.025
39.99
38.28
37.885
38.11
39
39.75
38.91
39.15
38.905
42.13
41.545
42.155
42.15
41.355
41.07
40.92
41.965
41.99
42.11
41.5
40.72
40.665
41.36
41.87
43.16
43.68
44.515
43.9
44.305
43.345
42.395
41.9
41.885
41.775
43.1
43.5
42.84
41.87
41.72
41.52
41.435
41.685
41.76
41.205
41.665
42.91
43.6
44.095
44.035
43.935
44.99
45.4
46.205
46.435
47.12
47.25
47.35
47.41
49.125
48.48
48.08
48.295
50.35
50.15
50.67
51.06
51.44
49.3
48.22
49.955
49.495
50
50.07
49.87
50.2
50.07
50
49.45
49
49.115
49.6
49.965
50.03
50.72
50.44
49.875
49.845
51.51
52.96
52.35
51.64
54.08
54.06
53.41
54.91
53.91
54.4
55.26
56.06
54.62
54.22
56.3
56.7
57.69
56.47
59.12
59.9
59.25
57.74
57.93
60.9
63.8
63.69
62.81
63.98
61.9
60.2
62.52
63.44
62.47
62.49
62.8
61.95
63.15
64.8
64.37
63.26
59.22
58.25
58.72
58.85
61.45
60.74
60.03
59.9
59.31
58.47
59.66
59.32
57.68
58.94
58.55
58.75
57.86
55.51
55.7
55.23
56.08
56.95
57.31
57.1
56.08
56.51
56.47
57.33
56.85
58.85
61.59
61.29
61.71
63.14
63.44
61.98
61.66
61.04
60.56
60.3
60.43
58.3
57
58.7
58.78
59.67
58
58.09
57.78
57.6
57.97
58.14
57.12
56.3
55.8
54.29
53.09
54.13
55.3
55.44
54.59
55.27
57.6
57.46
57.36
57.39
58.56
58.75
61.22
60.41
61
60.81
59.13
58.54
57.1
56.64
57.59
57.94
58.12
57.21
58.79
60.53
61
61.71
61.94
63.18
63.67
64.44
63.37
62.35
61.36
62.82
61.28
62.67
63.17
63.21
61.86
61.54
60.57
61.25
61.98
60.98
59.13
60.28
60.75
59.7
60.7
60.83
61.48
60.61
60.14
60.29
60.74
60.32
61
61.42
62.34
62.51
63.4
62.38
63.44
64.18
63.9
64.85
65.39
65.21
67.13
67.76
69.1
68.86
68.81
67.77
68.82
68.79
67.82
69.28
68.51
66.75
67.24
70.18
71
72.67
71.11
72
71.95
71.19
71.58
73.52
72.19
70.7
70.25
69.82
67.71
65.97
65.55
61.27
60.48
55.14
58.63
55.62
57.66
59.34
59.31
58.87
58.76
54.15
52.26
50.09
51.37
53.57
53.82
54.05
54.41
54.25
56.35
56.9
54.22
50.87
50.66
53.71
53.3
51.69
50.9
51.95
55.07
56.52
57.18
56.2
57.64
56.09
52.99
52.18
50.8
53.95
53.25
52.75
49.965
47.12
45.04
47.395
48.905
50.89
52.99
53.75
54.91
54.82
56.35
54.5
55.08
55.01
54.11
57.19
57.88
57.8
57.81
61.06
61.81
59.06
56.58
57.97
60.61
57.86
58.13
58.42
56.84
57.61
58.73
58.16
57.55
55.71
54.49
53.55
51.33
50.84
49.3
49.78
50.32
52.94
52.92
55.98
55.18
55.61
56.21
56.07
55.67
53.61
53.8
52.52
52.95
50.25
50.74
49.99
50.07
52.22
52.53
52.74
52.5
52.82
51.1
51.36
51.76
53.16
55.29
55.87
56.15
55.55
56.84
58.72
58.93
59.4
58.45
59.96
62.04
62.23
62.96
63.59
63.88
63.5
63.59
65.4
64.6
64.55
65.39
67.99
68
69.98
70.76
69.36
69
71.54
69.87
70.56
70.02
70.23
70.4
71.98
72.24
71.9
70.95
69.89
70.32
69.04
69.88
69.43
71.49
70.61
70.63
67.02
68.27
69.2
70.5
71.05
70.74
73.45
73.76
73.02
71.84
68.22
68.81
67.61
67.9
68.67
68.45
67.22
65.83
67.43
69.21
67.99
66.56
66.78
65.33
66.71
68.65
67.5
68.71
70
69.44
68.32
69.84
67
67.6
69.68
71.25
72.13
71.81
71.07
71.68
68.99
70.05
67.35
67.7
66.24
67.6
66.44
66.17
66.53
62.73
61.31
61.77
63.43
61.81
61.98
61.9
62.28
64
62.01
61.1
58.72
56.85
57.2
58.51
59.58
58.82
58.77
58.58
57.81
56.29
55.96
57.14
57.93
58.07
57.58
56.47
54.94
53.7
54.52
54.16
56.93
57.41
58.94
58.95
59.11
56.42
56.39
57.25
56.69
55.84
57.77
57.5
57.62
58.84
59.66
58.28
56.64
55.18
55.89
57.5
59.15
60.43
60.77
58.99
56.46
58.12
59.5
60.51
60.22
60.17
59.9
59.08
59.13
58.98
59.95
61.46
61.22
61.64
61.39
60.81
60.05
60.77
60.53
60.21
57.35
57.66
57.15
55.39
55.05
57.23
58.03
58.53
59.38
60.56
59.97
62
61.69
60.45
61.19
59.44
59.79
59.64
58.81
57.62
57.64
56.91
57.14
57.73
57.91
59.76
60.99
60.05
59.99
59.55
60.84
60.4
60.46
60.99
61.66
62.04
62.01
61.48
60.46
60.35
60.34
60.97
60.49
61.51
61.45
63.32
65
64.49
64.05
64.42
63.69
64.23
63.66
63.62
63.23
62.6
61.99
65.11
65.7
66.14
65.66
65.78
66.23
66.56
67.04
67.91
68.19
67.9
67.69
67.93
68.66
69.04
69.33
70.59
70.98
70.79
71.73
71.68
72
72.02
72.17
72.7
73.46
72.93
75.93
75.61
75.8
75.75
73.21
72.16
72.89
73.22
73.22
72.48
73.1
74.06
73.33
74.28
74.16
74.34
74.63
75.85
75.5
75.58
74.91
74.15
74.48
72.03
71.86
71.77
71.74
73.5
72.07
71.52
72.15
71.68
71.65
71.37
71.79
70.76
69.06
68.79
70.58
69.46
70.32
70.7
69.2
69.4
71.41
71.6
72.02
72.65
72.56
72
71.27
70.94
70
70.19
69.07
70.15
69.36
69.59
69.75
69.81
69.1
67.31
68.35
68.39
67.57
66.31
66.3
65.9
67.95
69.03
67.4
66.44
66.86
65
63.93
64.84
65.24
66.78
67.84
68.89
68.62
69.86
70.05
70.74
72.12
71.33
70.98
71.03
71.07
71.84
72.08
73.31
71.93
71.4
71.93
74.02
73.83
73.35
71.48
70.88
71.88
72.31
72.42
73.15
73.69
73.11
73.3
72.38
71.05
72.2
72.49
71.41
70.16
69.16
70.03
70.55
69.87
69.8
66.43
64.36
64.04
65.92
66.77
67.29
67.18
67.28
66.43
66.12
67.7
66.2
67.9
69.03
69
70.15
70.52
70.86
71.1
71.27
72.02
72.23
72.13
72.4
73.86
74.04
74.16
73.97
74.45
73.59
73.01
72.48
72.18
71.37
70.64
71.68
72.3
73.16
73.97
74.4
74.36
75.53
75.03
74.05
73.7
75.18
75.4
75.42
73
71.75
72.41
71.29
72.76
72.23
72.59
76.97
77.7
78.17
79.14
80
79.55
79.9
80.58
80.18
80.05
81.44
80.47
80.31
80.8
80.37
79.72
80.1
79.47
80.91
79.3
79.56
79.68
79.17
78.62
78.8
80.38
80.74
80.63
82.95
82.2
81.94
82.03
82.1
81.85
82
83.56
83.66
82.39
82.21
82.69
83.54
82.68
83.6
81.2
82.16
81.82
81.77
82.07
81.54
80.96
81.6
81.55
83.2
83.02
83.28
83.14
83.77
84.57
84.32
84.8
84.73
84.57
85.11
83.52
82.54
81.58
82.14
82.11
81.05
80.58
79.78
79.79
80.92
80.44
82.14
83.39
83.99
84.55
85.42
85.22
83.54
83.98
82.99
83.55
84.45
83.86
83.15
84.15
84.12
84.96
85.5
86.21
86.13
85.93
85.73
84.64
81.97
80.44
81.53
80.83
80.82
80.82
79.99
80.29
79.88
81.44
81.8
82
84.45
84.97
85.36
86
84.93
84.62
85
84.43
85.22
84.59
83.95
84.31
83.8
84.2
81.65
82.78
82.48
83.08
81.86
80.52
81.21
80.24
80.12
79.26
80.08
80.72
86.6
87.3
88.4
88.06
89.45
90.6
91.28
92.23
91.62
92.09
92.65
93.04
93.85
91.83
91.42
91.29
90.51
90.21
90.14
88.19
90.41
92.12
94.02
92.68
91.46
89.56
89.84
90.34
90.18
89.03
88.75
88.44
88.19
88.3
88.12
88.7
89.45
89.25
88.11
86.43
88.18
88
88.7
89.34
89.88
91.27
91.77
91.36
92.13
92.09
91.48
92.02
91.27
92.76
92.88
92.58
92.02
91.74
91.36
90.76
90.93
90.75
91.41
92.67
92.56
91.5
94.1
93.09
92.48
92.36
92.62
93.3
93.88
95.32
95.15
93.91
92.7
92.72
91.42
92.07
92.83
92.48
95.25
94.47
93.61
92.48
93.97
94.46
95.51
94.3
92.21
91.53
90.97
89.34
87.63
88.41
88.5
88.04
86.2
86.39
88.83
87.2
87.83
88.28
86.24
88.03
89.02
88.61
89.78
89.06
91.13
91.14
90.28
89.28
88.6
88.01
87.99
90.01
91.54
92.05
91.91
91.24
90.33
90
89.43
89.49
89.27
89.8
90.38
88.99
86.77
84.9
86.79
85.25
85.64
85.21
85.02
84.83
83.62
81.98
82.33
81.24
82.5
79.53
79.44
79.47
77.41
77.85
80.57
79.61
81.35
82.59
83.15
82.29
81.29
82.42
82.67
83.03
85.32
85.27
82.89
83.85
84.38
83.33
83.91
84.31
82.71
82.72
83.06
83.46
84.43
84.75
84.9
88.16
89.4
90.35
90.48
91.49
91.95
92.23
91.81
91.25
89.87
92.35
91.6
88.9
89.79
90.31
87.98
85.01
88.06
87.5
90.33
89.94
90.02
90.83
91.01
89.77
88.01
85.08
85.83
86.29
89.39
88.16
88.65
90.63
88.78
91.07
93.59
94.22
94.74
94.92
98.04
102.8
105.25
102
103.1
102.95
103.4
104.25
106.3
106.65
106.65
106.85
102.5
104.7
104.45
106.7
107.8
106.6
106.75
108.75
109.45
111.1
111.65
110.65
109.65
112
113
114.2
111
113
114.5
115.3
114.35
113.7
119.35
118.55
119.95
122.6
121
115.9
116.6
116.75
113.75
115.1
114.15
116.45
116.1
118
116.45
115.5
114.95
114.9
113.25
116.2
117.35
116.25
115.15
115.4
112.9
110.4
111.7
112
110
110.25
110.45
113
109.85
106.35
106.1
106.75
106.5
104.1
104.6
109.5
109.3
106.35
104.9
104.6
102
103.35
107.15
106.45
105.35
104.8
103.6
104.9
103.05
100.7
100.75
100.2
101.25
100.3
99.59
97.37
98.04
100.8
101.25
99.92
98.59
98.35
97.01
97.88
97.74
102.3
104.35
103.25
103.7
103.5
99.3
98.18
100.5
99.2
98.9
97.26
93.9
92.09
93.99
95.2
94.97
94.67
93.55
95.74
95.58
95.61
95.14
94.13
93.69
91.64
89.08
90.18
89.48
89.86
91.3
92.06
90.88
92.97
92.18
92.88
93.4
89.42
86.09
86.19
86.15
86.63
85.87
83.87
82
80.13
76.93
81.82
80.62
82.95
82.94
82.22
80.1
79.55
82.16
80.32
80.94
84.04
85.54
86.06
85.53
85.34
87.23
85.71
92.91
92.38
92.97
93.34
93.36
94.36
93.57
92.45
92.78
96.03
94.96
95.93
96.18
94.46
94.54
94.71
97.26
97.45
98.73
99.17
98.45
96.76
99.5
100.85
101.5
103.3
103.3
102.65
98.34
98.17
99.99
97.2
97.14
97.27
94.11
91.9
94.69
95.49
96.71
95.5
96.35
98.55
98.55
98.55
97.35
98.56
97.63
97.63
97.63
92.25
91.82
88.78
85.44
83.44
83.14
84.85
82.89
80.11
78.02
78.1
78.86
76.77
78.7
79.71
78.92
79.4
79.96
77.62
76.66
75.47
74.03
72.7
71.49
72.41
69.3
67.83
69.08
67.18
70.26
73.08
72.82
75.39
75.35
73.83
75.2
73.14
70.2
71.3
73.89
75.15
78.31
80.43
81.15
82.63
81.87
75.42
78.72
80.23
79.56
81.02
81.58
81.38
81.06
79.58
80.45
82.11
80.7
78
77.54
74.63
75
73.85
74.3
74.79
75.35
78
79.2
78.37
80.41
83.07
84.02
84.15
82.78
81.94
82.6
83.36
83.94
80.5
81.12
78.03
76.45
75.53
75.69
76.52
78.01
76.9
75.72
73.77
73.77
71.56
70.99
70.66
71.7
72.14
73.86
75.16
75.76
75.89
73.93
72.27
72.24
73.83
70.7
69.34
67.6
68.56
68.3
68.97
72.64
72.47
74.25
68.66
65.67
